680
683
685
694
698
701
707
